-2.0,-12.0,-6.0,-1.0,-26.0,2.0,0.0,1.0,-1.0
-2.0,-12.0,-28.0,-4.5,-34.0,2.0,0.0,1.0,-1.0
-7.0,-14.0,-45.0,-8.0,-40.0,7.0,0.0,2.0,-3.0
-7.0,-16.0,-49.0,-1.0,-46.0,8.0,0.0,2.0,-5.0
-7.0,-16.0,-55.0,-1.0,-52.0,8.0,0.0,3.0,-5.0
-8.0,-18.0,-64.0,-4.0,-58.0,11.0,0.0,3.0,-7.0
-8.0,-18.0,-85.0,-6.0,-62.0,11.0,0.0,2.0,-8.0
-9.0,-22.0,-104.0,-8.5,-66.0,22.0,0.0,2.0,-10.0
-9.0,-24.0,-109.0,-3.5,-70.0,25.0,0.0,2.0,-14.0
-9.0,-24.0,-122.0,-5.5,-74.0,25.0,0.0,2.0,-18.0
-9.0,-24.0,-129.0,-7.5,-78.0,25.0,0.0,2.0,-22.0
-9.0,-26.0,-122.0,-8.5,-74.0,31.0,0.0,2.0,-26.0
