-1.6510642766952515
-1.3141430616378784
-0.8186022043228149
-0.7716957926750183
-0.7605734467506409
-1.0756117105484009
0.44424721598625183
0.24222701787948608
-0.4725201427936554
0.03284452110528946
0.7522820234298706
0.16202740371227264
-0.08285775035619736
0.1215076595544815
-0.17267510294914246
-0.17578133940696716
-0.13367553055286407
-0.4533945918083191
-0.08474377542734146
0.10695712268352509
0.2597208023071289
0.28338906168937683
-0.13403548300266266
-0.0251955296844244
-0.044711269438266754
-0.0047285063192248344
-0.22887375950813293
-0.23296533524990082
0.03817959874868393
0.18986928462982178
0.05489335581660271
-0.0075015961192548275
0.0735415443778038
-0.06841101497411728
-0.005264686420559883
-0.06267481297254562
-0.2837721109390259
0.2294958382844925
0.22717948257923126
0.1678171008825302
0.21459777653217316
0.08453195542097092
0.12179790437221527
-0.03643151372671127
-0.003707572817802429
0.15354567766189575
0.03796584904193878
-0.07870388776063919
-0.23091106116771698
0.02942829579114914
-0.07823462784290314
-0.14031854271888733
-0.0759550929069519
-0.11356358230113983
0.0720067173242569
-0.10174527019262314
0.0467570461332798
0.013309421949088573
0.13761316239833832
0.017371557652950287
0.13130225241184235
-0.09627045691013336
-0.0021847242023795843
-0.018760938197374344
0.02806846983730793
0.06987611949443817
0.1320909708738327
-0.10691775381565094
-0.21438615024089813
0.17553292214870453
0.02697242796421051
0.08070094138383865
0.07211310416460037
-0.08362814784049988
-0.12491468340158463
0.14381249248981476
-0.16727794706821442
0.03631151467561722
0.03271862864494324
0.0898168683052063
-0.03440161794424057
0.11708449572324753
-0.12770870327949524
-0.056815072894096375
-0.027777813374996185
0.0034108480904251337
0.11013936996459961
0.0001716382394079119
-0.039184052497148514
-0.011234961450099945
0.12494318932294846
-0.049359675496816635
-0.05423024669289589
-0.03235117718577385
-0.05322859436273575
-0.016656314954161644
0.0007317838026210666
-0.05359336733818054
-0.2529269754886627
0.21439813077449799
0.015188612043857574
0.04259958490729332
0.08383294194936752
0.18555253744125366
0.1317644715309143
-0.09009018540382385
0.16390061378479004
0.07217346131801605
-0.1424301713705063
0.06745082139968872
-0.14817380905151367
-0.03302449733018875
0.020532332360744476
0.0637349933385849
-0.24425314366817474
-0.3154679536819458
-0.17421023547649384
0.1843305081129074
0.22937192022800446
0.30689290165901184
0.06620919704437256
0.03709709644317627
-0.07217773050069809
-0.13838250935077667
-0.1976957768201828
-0.1765301525592804
0.008169461973011494
-0.014394689351320267
0.16799210011959076
-0.12810827791690826
0.059950124472379684
-0.02929745800793171
0.14146772027015686
0.4212294816970825
0.2372177243232727
-0.034977514296770096
-0.012936810962855816
-0.056527040898799896
0.007407731376588345
-0.23170214891433716
-0.25626635551452637
0.05832885205745697
-0.014027769677340984
-0.1317678987979889
0.2090771198272705
0.08389737457036972
0.08283834904432297
0.07493868470191956
0.0776149332523346
0.11048223823308945
-0.06750286370515823
-0.02230983041226864
0.007505190558731556
-0.03440313786268234
-0.06646843999624252
-0.03506261110305786
0.007380616385489702
-0.07723958790302277
-0.5036695599555969
0.41832488775253296
0.2961927354335785
0.028457220643758774
0.28979218006134033
-0.029126446694135666
0.057988859713077545
0.01783621311187744
-0.20559033751487732
0.27324429154396057
0.018174797296524048
-0.003861822187900543
0.6037295460700989
0.010834932327270508
-0.028679415583610535
-0.001078195869922638
0.019011467695236206
0.05611657351255417
0.1806824654340744
-0.10514818876981735
0.0374397374689579
-0.0004244199371896684
0.13370513916015625
0.3543334901332855
0.10001663863658905
-0.021941203624010086
0.059929002076387405
-0.27955058217048645
-0.031848642975091934
-0.10677668452262878
-0.18785522878170013
-0.17975348234176636
0.10846737027168274
0.004302058834582567
0.18100431561470032
-0.04291410744190216
-0.10533194243907928
-0.12347781658172607
0.21147313714027405
0.12568166851997375
-0.10280094295740128
-0.011841283179819584
0.09057117253541946
-0.11658833920955658
-0.04923475161194801
-0.04023315757513046
0.46534135937690735
0.13299129903316498
-0.22173169255256653
0.002465842990204692
0.09783302247524261
0.09701640903949738
0.00793659221380949
0.16600379347801208
-0.03809848427772522
0.07810453325510025
-0.15772314369678497
-0.029069717973470688
0.055723197758197784
0.12313676625490189
0.04364095628261566
0.0054259756579995155
0.03412719443440437
-0.03920913115143776
0.014002028852701187
-0.06918103247880936
0.038028303533792496
0.024573149159550667
-0.022590268403291702
0.07773115485906601
-0.05396686866879463
0.010791306383907795
-0.007214310113340616