-1.232
-0.692
-0.682
-0.764
-0.742
-0.653
0.444
0.215
-0.302
-0.020
0.225
0.386
0.558
0.794
-0.471
-0.926
-0.395
-0.187
0.084
0.132
0.046
-0.088
-0.029
0.110
-0.028
0.022
0.590
0.513
-0.488
-0.146
0.231
-0.041
-0.001
-0.034
-0.018
-0.079
-0.014
-0.042
-0.082
-0.043
0.013
-0.041
0.002
0.102
0.051
0.092
0.021
0.189
0.176
0.104
-0.039
0.080
0.342
0.139
0.444
0.189
0.305
0.034
-0.040
-0.062
-0.009
-0.031
-0.437
-0.411
-0.306
-0.029
-0.025
-0.007
0.063
-0.117
-0.070
-0.009
0.049
0.043
-0.103
0.006
-0.055
-0.008
0.050
-0.077
0.080
-0.053
-0.007
-0.043
-0.013
0.047
0.048
-0.065
-0.030
0.074
-0.001
-0.017
-0.031
0.044
-0.098
-0.015
-0.064
-0.081
0.054
-0.055
0.007
0.043
-0.173
-0.009
0.144
0.251
0.119
-0.032
0.296
-0.154
-0.112
0.235
0.090
-0.021
-0.052
-0.121
-0.177
-0.038
-0.151
-0.208
-0.018
0.063
0.272
0.509
0.257
0.069
-0.089
-0.439
-0.176
-0.138
0.056
-0.030
0.291
0.324
0.402
0.450
-0.060
-0.517
-0.258
0.060
0.022
-0.111
-0.035
0.091
0.070
-0.068
-0.067
-0.015
0.029
-0.044
-0.017
0.003
-0.047
-0.055
-0.002
0.047
0.049
-0.002
0.001
-0.042
0.057
-0.775
0.697
0.186
0.276
-0.022
-0.010
-0.050
-0.013
-0.190
0.264
0.023
0.053
0.326
0.012
-0.067
0.029
0.055
-0.146
-0.082
-0.355
-0.131
0.051
0.103
-0.160
-0.024
0.024
-0.084
0.063
-0.010
0.013
-0.005
0.173
0.172
-0.102
0.258
0.019
0.404
0.189
-0.008
0.217
-0.038
-0.320
0.020
-0.121
